printing deck values...
52  0 20
52  1 30
52  2 40
52  3 50
52  4 60
52  5 70
52  6 80
52  7 90
52  8 100
52  9 110
52  10 120
52  11 130
52  12 140
52  13 20
52  14 30
52  15 40
52  16 50
52  17 60
52  18 70
52  19 80
52  20 90
52  21 100
52  22 110
52  23 120
52  24 130
52  25 140
52  26 20
52  27 30
52  28 40
52  29 50
52  30 60
52  31 70
52  32 80
52  33 90
52  34 100
52  35 110
52  36 120
52  37 130
52  38 140
52  39 20
52  40 30
52  41 40
52  42 50
52  43 60
52  44 70
52  45 80
52  46 90
52  47 100
52  48 110
52  49 120
52  50 130
52  51 140
printing deck values...
52  0 20
52  1 30
52  2 40
52  3 50
52  4 60
52  5 70
52  6 80
52  7 90
52  8 100
52  9 110
52  10 120
52  11 130
52  12 140
52  13 20
52  14 30
52  15 40
52  16 50
52  17 60
52  18 70
52  19 80
52  20 90
52  21 100
52  22 110
52  23 120
52  24 130
52  25 140
52  26 20
52  27 30
52  28 40
52  29 50
52  30 60
52  31 70
52  32 80
52  33 90
52  34 100
52  35 110
52  36 120
52  37 130
52  38 140
52  39 20
52  40 30
52  41 40
52  42 50
52  43 60
52  44 70
52  45 80
52  46 90
52  47 100
52  48 110
52  49 120
52  50 130
52  51 140
printing deck values...
52  0 20
52  1 30
52  2 40
52  3 50
52  4 60
52  5 70
52  6 80
52  7 90
52  8 100
52  9 110
52  10 120
52  11 130
52  12 140
52  13 20
52  14 30
52  15 40
52  16 50
52  17 60
52  18 70
52  19 80
52  20 90
52  21 100
52  22 110
52  23 120
52  24 130
52  25 140
52  26 20
52  27 30
52  28 40
52  29 50
52  30 60
52  31 70
52  32 80
52  33 90
52  34 100
52  35 110
52  36 120
52  37 130
52  38 140
52  39 20
52  40 30
52  41 40
52  42 50
52  43 60
52  44 70
52  45 80
52  46 90
52  47 100
52  48 110
52  49 120
52  50 130
52  51 140
printing deck values...
52  0 20
52  1 30
52  2 40
52  3 50
52  4 60
52  5 70
52  6 80
52  7 90
52  8 100
52  9 110
52  10 120
52  11 130
52  12 140
52  13 20
52  14 30
52  15 40
52  16 50
52  17 60
52  18 70
52  19 80
52  20 90
52  21 100
52  22 110
52  23 120
52  24 130
52  25 140
52  26 20
52  27 30
52  28 40
52  29 50
52  30 60
52  31 70
52  32 80
52  33 90
52  34 100
52  35 110
52  36 120
52  37 130
52  38 140
52  39 20
52  40 30
52  41 40
52  42 50
52  43 60
52  44 70
52  45 80
52  46 90
52  47 100
52  48 110
52  49 120
52  50 130
52  51 140
printing deck values...
52  0 20
52  1 30
52  2 40
52  3 50
52  4 60
52  5 70
52  6 80
52  7 90
52  8 100
52  9 110
52  10 120
52  11 130
52  12 140
52  13 20
52  14 30
52  15 40
52  16 50
52  17 60
52  18 70
52  19 80
52  20 90
52  21 100
52  22 110
52  23 120
52  24 130
52  25 140
52  26 20
52  27 30
52  28 40
52  29 50
52  30 60
52  31 70
52  32 80
52  33 90
52  34 100
52  35 110
52  36 120
52  37 130
52  38 140
52  39 20
52  40 30
52  41 40
52  42 50
52  43 60
52  44 70
52  45 80
52  46 90
52  47 100
52  48 110
52  49 120
52  50 130
52  51 140
printing deck values...
52  0 20
52  1 30
52  2 40
52  3 50
52  4 60
52  5 70
52  6 80
52  7 90
52  8 100
52  9 110
52  10 120
52  11 130
52  12 140
52  13 20
52  14 30
52  15 40
52  16 50
52  17 60
52  18 70
52  19 80
52  20 90
52  21 100
52  22 110
52  23 120
52  24 130
52  25 140
52  26 20
52  27 30
52  28 40
52  29 50
52  30 60
52  31 70
52  32 80
52  33 90
52  34 100
52  35 110
52  36 120
52  37 130
52  38 140
52  39 20
52  40 30
52  41 40
52  42 50
52  43 60
52  44 70
52  45 80
52  46 90
52  47 100
52  48 110
52  49 120
52  50 130
52  51 140
printing deck values...
52  0 20
52  1 30
52  2 40
52  3 50
52  4 60
52  5 70
52  6 80
52  7 90
52  8 100
52  9 110
52  10 120
52  11 130
52  12 140
52  13 20
52  14 30
52  15 40
52  16 50
52  17 60
52  18 70
52  19 80
52  20 90
52  21 100
52  22 110
52  23 120
52  24 130
52  25 140
52  26 20
52  27 30
52  28 40
52  29 50
52  30 60
52  31 70
52  32 80
52  33 90
52  34 100
52  35 110
52  36 120
52  37 130
52  38 140
52  39 20
52  40 30
52  41 40
52  42 50
52  43 60
52  44 70
52  45 80
52  46 90
52  47 100
52  48 110
52  49 120
52  50 130
52  51 140
printing deck values...
52  0 20
52  1 30
52  2 40
52  3 50
52  4 60
52  5 70
52  6 80
52  7 90
52  8 100
52  9 110
52  10 120
52  11 130
52  12 140
52  13 20
52  14 30
52  15 40
52  16 50
52  17 60
52  18 70
52  19 80
52  20 90
52  21 100
52  22 110
52  23 120
52  24 130
52  25 140
52  26 20
52  27 30
52  28 40
52  29 50
52  30 60
52  31 70
52  32 80
52  33 90
52  34 100
52  35 110
52  36 120
52  37 130
52  38 140
52  39 20
52  40 30
52  41 40
52  42 50
52  43 60
52  44 70
52  45 80
52  46 90
52  47 100
52  48 110
52  49 120
52  50 130
52  51 140
printing deck values...
52  0 20
52  1 30
52  2 40
52  3 50
52  4 60
52  5 70
52  6 80
52  7 90
52  8 100
52  9 110
52  10 120
52  11 130
52  12 140
52  13 20
52  14 30
52  15 40
52  16 50
52  17 60
52  18 70
52  19 80
52  20 90
52  21 100
52  22 110
52  23 120
52  24 130
52  25 140
52  26 20
52  27 30
52  28 40
52  29 50
52  30 60
52  31 70
52  32 80
52  33 90
52  34 100
52  35 110
52  36 120
52  37 130
52  38 140
52  39 20
52  40 30
52  41 40
52  42 50
52  43 60
52  44 70
52  45 80
52  46 90
52  47 100
52  48 110
52  49 120
52  50 130
52  51 140
printing deck values...
52  0 20
52  1 30
52  2 40
52  3 50
52  4 60
52  5 70
52  6 80
52  7 90
52  8 100
52  9 110
52  10 120
52  11 130
52  12 140
52  13 20
52  14 30
52  15 40
52  16 50
52  17 60
52  18 70
52  19 80
52  20 90
52  21 100
52  22 110
52  23 120
52  24 130
52  25 140
52  26 20
52  27 30
52  28 40
52  29 50
52  30 60
52  31 70
52  32 80
52  33 90
52  34 100
52  35 110
52  36 120
52  37 130
52  38 140
52  39 20
52  40 30
52  41 40
52  42 50
52  43 60
52  44 70
52  45 80
52  46 90
52  47 100
52  48 110
52  49 120
52  50 130
52  51 140
printing deck values...
52  0 20
52  1 30
52  2 40
52  3 50
52  4 60
52  5 70
52  6 80
52  7 90
52  8 100
52  9 110
52  10 120
52  11 130
52  12 140
52  13 20
52  14 30
52  15 40
52  16 50
52  17 60
52  18 70
52  19 80
52  20 90
52  21 100
52  22 110
52  23 120
52  24 130
52  25 140
52  26 20
52  27 30
52  28 40
52  29 50
52  30 60
52  31 70
52  32 80
52  33 90
52  34 100
52  35 110
52  36 120
52  37 130
52  38 140
52  39 20
52  40 30
52  41 40
52  42 50
52  43 60
52  44 70
52  45 80
52  46 90
52  47 100
52  48 110
52  49 120
52  50 130
52  51 140
printing deck values...
52  0 20
52  1 30
52  2 40
52  3 50
52  4 60
52  5 70
52  6 80
52  7 90
52  8 100
52  9 110
52  10 120
52  11 130
52  12 140
52  13 20
52  14 30
52  15 40
52  16 50
52  17 60
52  18 70
52  19 80
52  20 90
52  21 100
52  22 110
52  23 120
52  24 130
52  25 140
52  26 20
52  27 30
52  28 40
52  29 50
52  30 60
52  31 70
52  32 80
52  33 90
52  34 100
52  35 110
52  36 120
52  37 130
52  38 140
52  39 20
52  40 30
52  41 40
52  42 50
52  43 60
52  44 70
52  45 80
52  46 90
52  47 100
52  48 110
52  49 120
52  50 130
52  51 140
printing deck values...
52  0 20
52  1 30
52  2 40
52  3 50
52  4 60
52  5 70
52  6 80
52  7 90
52  8 100
52  9 110
52  10 120
52  11 130
52  12 140
52  13 20
52  14 30
52  15 40
52  16 50
52  17 60
52  18 70
52  19 80
52  20 90
52  21 100
52  22 110
52  23 120
52  24 130
52  25 140
52  26 20
52  27 30
52  28 40
52  29 50
52  30 60
52  31 70
52  32 80
52  33 90
52  34 100
52  35 110
52  36 120
52  37 130
52  38 140
52  39 20
52  40 30
52  41 40
52  42 50
52  43 60
52  44 70
52  45 80
52  46 90
52  47 100
52  48 110
52  49 120
52  50 130
52  51 140
printing deck values...
52  0 20
52  1 30
52  2 40
52  3 50
52  4 60
52  5 70
52  6 80
52  7 90
52  8 100
52  9 110
52  10 120
52  11 130
52  12 140
52  13 20
52  14 30
52  15 40
52  16 50
52  17 60
52  18 70
52  19 80
52  20 90
52  21 100
52  22 110
52  23 120
52  24 130
52  25 140
52  26 20
52  27 30
52  28 40
52  29 50
52  30 60
52  31 70
52  32 80
52  33 90
52  34 100
52  35 110
52  36 120
52  37 130
52  38 140
52  39 20
52  40 30
52  41 40
52  42 50
52  43 60
52  44 70
52  45 80
52  46 90
52  47 100
52  48 110
52  49 120
52  50 130
52  51 140
printing deck values...
52  0 20
52  1 30
52  2 40
52  3 50
52  4 60
52  5 70
52  6 80
52  7 90
52  8 100
52  9 110
52  10 120
52  11 130
52  12 140
52  13 20
52  14 30
52  15 40
52  16 50
52  17 60
52  18 70
52  19 80
52  20 90
52  21 100
52  22 110
52  23 120
52  24 130
52  25 140
52  26 20
52  27 30
52  28 40
52  29 50
52  30 60
52  31 70
52  32 80
52  33 90
52  34 100
52  35 110
52  36 120
52  37 130
52  38 140
52  39 20
52  40 30
52  41 40
52  42 50
52  43 60
52  44 70
52  45 80
52  46 90
52  47 100
52  48 110
52  49 120
52  50 130
52  51 140
printing deck values...
52  0 20
52  1 30
52  2 40
52  3 50
52  4 60
52  5 70
52  6 80
52  7 90
52  8 100
52  9 110
52  10 120
52  11 130
52  12 140
52  13 20
52  14 30
52  15 40
52  16 50
52  17 60
52  18 70
52  19 80
52  20 90
52  21 100
52  22 110
52  23 120
52  24 130
52  25 140
52  26 20
52  27 30
52  28 40
52  29 50
52  30 60
52  31 70
52  32 80
52  33 90
52  34 100
52  35 110
52  36 120
52  37 130
52  38 140
52  39 20
52  40 30
52  41 40
52  42 50
52  43 60
52  44 70
52  45 80
52  46 90
52  47 100
52  48 110
52  49 120
52  50 130
52  51 140
printing deck values...
52  0 20
52  1 30
52  2 40
52  3 50
52  4 60
52  5 70
52  6 80
52  7 90
52  8 100
52  9 110
52  10 120
52  11 130
52  12 140
52  13 20
52  14 30
52  15 40
52  16 50
52  17 60
52  18 70
52  19 80
52  20 90
52  21 100
52  22 110
52  23 120
52  24 130
52  25 140
52  26 20
52  27 30
52  28 40
52  29 50
52  30 60
52  31 70
52  32 80
52  33 90
52  34 100
52  35 110
52  36 120
52  37 130
52  38 140
52  39 20
52  40 30
52  41 40
52  42 50
52  43 60
52  44 70
52  45 80
52  46 90
52  47 100
52  48 110
52  49 120
52  50 130
52  51 140
printing deck values...
52  0 20
52  1 30
52  2 40
52  3 50
52  4 60
52  5 70
52  6 80
52  7 90
52  8 100
52  9 110
52  10 120
52  11 130
52  12 140
52  13 20
52  14 30
52  15 40
52  16 50
52  17 60
52  18 70
52  19 80
52  20 90
52  21 100
52  22 110
52  23 120
52  24 130
52  25 140
52  26 20
52  27 30
52  28 40
52  29 50
52  30 60
52  31 70
52  32 80
52  33 90
52  34 100
52  35 110
52  36 120
52  37 130
52  38 140
52  39 20
52  40 30
52  41 40
52  42 50
52  43 60
52  44 70
52  45 80
52  46 90
52  47 100
52  48 110
52  49 120
52  50 130
52  51 140
printing deck values...
52  0 20
52  1 30
52  2 40
52  3 50
52  4 60
52  5 70
52  6 80
52  7 90
52  8 100
52  9 110
52  10 120
52  11 130
52  12 140
52  13 20
52  14 30
52  15 40
52  16 50
52  17 60
52  18 70
52  19 80
52  20 90
52  21 100
52  22 110
52  23 120
52  24 130
52  25 140
52  26 20
52  27 30
52  28 40
52  29 50
52  30 60
52  31 70
52  32 80
52  33 90
52  34 100
52  35 110
52  36 120
52  37 130
52  38 140
52  39 20
52  40 30
52  41 40
52  42 50
52  43 60
52  44 70
52  45 80
52  46 90
52  47 100
52  48 110
52  49 120
52  50 130
52  51 140
printing deck values...
52  0 20
52  1 30
52  2 40
52  3 50
52  4 60
52  5 70
52  6 80
52  7 90
52  8 100
52  9 110
52  10 120
52  11 130
52  12 140
52  13 20
52  14 30
52  15 40
52  16 50
52  17 60
52  18 70
52  19 80
52  20 90
52  21 100
52  22 110
52  23 120
52  24 130
52  25 140
52  26 20
52  27 30
52  28 40
52  29 50
52  30 60
52  31 70
52  32 80
52  33 90
52  34 100
52  35 110
52  36 120
52  37 130
52  38 140
52  39 20
52  40 30
52  41 40
52  42 50
52  43 60
52  44 70
52  45 80
52  46 90
52  47 100
52  48 110
52  49 120
52  50 130
52  51 140
printing deck values...
52  0 20
52  1 30
52  2 40
52  3 50
52  4 60
52  5 70
52  6 80
52  7 90
52  8 100
52  9 110
52  10 120
52  11 130
52  12 140
52  13 20
52  14 30
52  15 40
52  16 50
52  17 60
52  18 70
52  19 80
52  20 90
52  21 100
52  22 110
52  23 120
52  24 130
52  25 140
52  26 20
52  27 30
52  28 40
52  29 50
52  30 60
52  31 70
52  32 80
52  33 90
52  34 100
52  35 110
52  36 120
52  37 130
52  38 140
52  39 20
52  40 30
52  41 40
52  42 50
52  43 60
52  44 70
52  45 80
52  46 90
52  47 100
52  48 110
52  49 120
52  50 130
52  51 140
printing deck values...
52  0 20
52  1 30
52  2 40
52  3 50
52  4 60
52  5 70
52  6 80
52  7 90
52  8 100
52  9 110
52  10 120
52  11 130
52  12 140
52  13 20
52  14 30
52  15 40
52  16 50
52  17 60
52  18 70
52  19 80
52  20 90
52  21 100
52  22 110
52  23 120
52  24 130
52  25 140
52  26 20
52  27 30
52  28 40
52  29 50
52  30 60
52  31 70
52  32 80
52  33 90
52  34 100
52  35 110
52  36 120
52  37 130
52  38 140
52  39 20
52  40 30
52  41 40
52  42 50
52  43 60
52  44 70
52  45 80
52  46 90
52  47 100
52  48 110
52  49 120
52  50 130
52  51 140
printing deck values...
52  0 20
52  1 30
52  2 40
52  3 50
52  4 60
52  5 70
52  6 80
52  7 90
52  8 100
52  9 110
52  10 120
52  11 130
52  12 140
52  13 20
52  14 30
52  15 40
52  16 50
52  17 60
52  18 70
52  19 80
52  20 90
52  21 100
52  22 110
52  23 120
52  24 130
52  25 140
52  26 20
52  27 30
52  28 40
52  29 50
52  30 60
52  31 70
52  32 80
52  33 90
52  34 100
52  35 110
52  36 120
52  37 130
52  38 140
52  39 20
52  40 30
52  41 40
52  42 50
52  43 60
52  44 70
52  45 80
52  46 90
52  47 100
52  48 110
52  49 120
52  50 130
52  51 140
printing deck values...
52  0 20
52  1 30
52  2 40
52  3 50
52  4 60
52  5 70
52  6 80
52  7 90
52  8 100
52  9 110
52  10 120
52  11 130
52  12 140
52  13 20
52  14 30
52  15 40
52  16 50
52  17 60
52  18 70
52  19 80
52  20 90
52  21 100
52  22 110
52  23 120
52  24 130
52  25 140
52  26 20
52  27 30
52  28 40
52  29 50
52  30 60
52  31 70
52  32 80
52  33 90
52  34 100
52  35 110
52  36 120
52  37 130
52  38 140
52  39 20
52  40 30
52  41 40
52  42 50
52  43 60
52  44 70
52  45 80
52  46 90
52  47 100
52  48 110
52  49 120
52  50 130
52  51 140
printing deck values...
52  0 20
52  1 30
52  2 40
52  3 50
52  4 60
52  5 70
52  6 80
52  7 90
52  8 100
52  9 110
52  10 120
52  11 130
52  12 140
52  13 20
52  14 30
52  15 40
52  16 50
52  17 60
52  18 70
52  19 80
52  20 90
52  21 100
52  22 110
52  23 120
52  24 130
52  25 140
52  26 20
52  27 30
52  28 40
52  29 50
52  30 60
52  31 70
52  32 80
52  33 90
52  34 100
52  35 110
52  36 120
52  37 130
52  38 140
52  39 20
52  40 30
52  41 40
52  42 50
52  43 60
52  44 70
52  45 80
52  46 90
52  47 100
52  48 110
52  49 120
52  50 130
52  51 140
printing deck values...
52  0 20
52  1 30
52  2 40
52  3 50
52  4 60
52  5 70
52  6 80
52  7 90
52  8 100
52  9 110
52  10 120
52  11 130
52  12 140
52  13 20
52  14 30
52  15 40
52  16 50
52  17 60
52  18 70
52  19 80
52  20 90
52  21 100
52  22 110
52  23 120
52  24 130
52  25 140
52  26 20
52  27 30
52  28 40
52  29 50
52  30 60
52  31 70
52  32 80
52  33 90
52  34 100
52  35 110
52  36 120
52  37 130
52  38 140
52  39 20
52  40 30
52  41 40
52  42 50
52  43 60
52  44 70
52  45 80
52  46 90
52  47 100
52  48 110
52  49 120
52  50 130
52  51 140
printing deck values...
52  0 20
52  1 30
52  2 40
52  3 50
52  4 60
52  5 70
52  6 80
52  7 90
52  8 100
52  9 110
52  10 120
52  11 130
52  12 140
52  13 20
52  14 30
52  15 40
52  16 50
52  17 60
52  18 70
52  19 80
52  20 90
52  21 100
52  22 110
52  23 120
52  24 130
52  25 140
52  26 20
52  27 30
52  28 40
52  29 50
52  30 60
52  31 70
52  32 80
52  33 90
52  34 100
52  35 110
52  36 120
52  37 130
52  38 140
52  39 20
52  40 30
52  41 40
52  42 50
52  43 60
52  44 70
52  45 80
52  46 90
52  47 100
52  48 110
52  49 120
52  50 130
52  51 140
printing deck values...
52  0 20
52  1 30
52  2 40
52  3 50
52  4 60
52  5 70
52  6 80
52  7 90
52  8 100
52  9 110
52  10 120
52  11 130
52  12 140
52  13 20
52  14 30
52  15 40
52  16 50
52  17 60
52  18 70
52  19 80
52  20 90
52  21 100
52  22 110
52  23 120
52  24 130
52  25 140
52  26 20
52  27 30
52  28 40
52  29 50
52  30 60
52  31 70
52  32 80
52  33 90
52  34 100
52  35 110
52  36 120
52  37 130
52  38 140
52  39 20
52  40 30
52  41 40
52  42 50
52  43 60
52  44 70
52  45 80
52  46 90
52  47 100
52  48 110
52  49 120
52  50 130
52  51 140

